4.9990e+02
4.9980e+02
4.9969e+02
4.9960e+02
4.9950e+02
4.9940e+02
4.9931e+02
4.9922e+02
4.9914e+02
4.9905e+02
4.9897e+02
4.9890e+02
4.9883e+02
4.9877e+02
4.9871e+02
4.9866e+02
4.9861e+02
4.9857e+02
4.9853e+02
4.9850e+02
4.9848e+02
4.9846e+02
4.9845e+02
4.9845e+02
4.9845e+02
4.9846e+02
4.9847e+02
4.9849e+02
4.9852e+02
4.9855e+02
4.9859e+02
4.9863e+02
4.9868e+02
4.9874e+02
4.9880e+02
4.9887e+02
4.9894e+02
4.9901e+02
4.9909e+02
4.9917e+02
4.9925e+02
4.9934e+02
4.9943e+02
4.9952e+02
4.9962e+02
4.9971e+02
4.9981e+02
4.9990e+02
4.9980e+02
4.9959e+02
4.9939e+02
4.9919e+02
4.9900e+02
4.9881e+02
4.9862e+02
4.9844e+02
4.9827e+02
4.9811e+02
4.9795e+02
4.9781e+02
4.9767e+02
4.9754e+02
4.9742e+02
4.9732e+02
4.9722e+02
4.9714e+02
4.9707e+02
4.9701e+02
4.9696e+02
4.9693e+02
4.9691e+02
4.9690e+02
4.9690e+02
4.9692e+02
4.9695e+02
4.9699e+02
4.9704e+02
4.9711e+02
4.9719e+02
4.9727e+02
4.9737e+02
4.9749e+02
4.9761e+02
4.9774e+02
4.9788e+02
4.9802e+02
4.9818e+02
4.9834e+02
4.9851e+02
4.9868e+02
4.9886e+02
4.9905e+02
4.9923e+02
4.9942e+02
4.9961e+02
4.9981e+02
4.9969e+02
4.9939e+02
4.9909e+02
4.9879e+02
4.9850e+02
4.9822e+02
4.9794e+02
4.9767e+02
4.9742e+02
4.9717e+02
4.9694e+02
4.9672e+02
4.9651e+02
4.9632e+02
4.9615e+02
4.9599e+02
4.9584e+02
4.9572e+02
4.9561e+02
4.9552e+02
4.9545e+02
4.9540e+02
4.9537e+02
4.9536e+02
4.9536e+02
4.9539e+02
4.9543e+02
4.9549e+02
4.9557e+02
4.9567e+02
4.9579e+02
4.9592e+02
4.9607e+02
4.9624e+02
4.9642e+02
4.9661e+02
4.9682e+02
4.9704e+02
4.9727e+02
4.9752e+02
4.9777e+02
4.9803e+02
4.9830e+02
4.9857e+02
4.9885e+02
4.9914e+02
4.9942e+02
4.9971e+02
4.9959e+02
4.9919e+02
4.9879e+02
4.9839e+02
4.9800e+02
4.9763e+02
4.9726e+02
4.9691e+02
4.9656e+02
4.9624e+02
4.9593e+02
4.9564e+02
4.9536e+02
4.9511e+02
4.9487e+02
4.9466e+02
4.9447e+02
4.9431e+02
4.9416e+02
4.9405e+02
4.9395e+02
4.9388e+02
4.9384e+02
4.9382e+02
4.9383e+02
4.9387e+02
4.9392e+02
4.9401e+02
4.9411e+02
4.9425e+02
4.9440e+02
4.9458e+02
4.9478e+02
4.9500e+02
4.9524e+02
4.9549e+02
4.9577e+02
4.9606e+02
4.9637e+02
4.9670e+02
4.9703e+02
4.9738e+02
4.9774e+02
4.9810e+02
4.9847e+02
4.9885e+02
4.9923e+02
4.9962e+02
4.9949e+02
4.9899e+02
4.9849e+02
4.9800e+02
4.9751e+02
4.9704e+02
4.9659e+02
4.9614e+02
4.9572e+02
4.9531e+02
4.9493e+02
4.9456e+02
4.9422e+02
4.9390e+02
4.9361e+02
4.9335e+02
4.9311e+02
4.9291e+02
4.9273e+02
4.9258e+02
4.9246e+02
4.9238e+02
4.9233e+02
4.9230e+02
4.9231e+02
4.9236e+02
4.9243e+02
4.9253e+02
4.9266e+02
4.9283e+02
4.9302e+02
4.9324e+02
4.9349e+02
4.9376e+02
4.9406e+02
4.9439e+02
4.9473e+02
4.9510e+02
4.9548e+02
4.9588e+02
4.9630e+02
4.9673e+02
4.9718e+02
4.9763e+02
4.9810e+02
4.9857e+02
4.9904e+02
4.9952e+02
4.9939e+02
4.9879e+02
4.9819e+02
4.9760e+02
4.9703e+02
4.9646e+02
4.9592e+02
4.9539e+02
4.9488e+02
4.9439e+02
4.9393e+02
4.9350e+02
4.9309e+02
4.9271e+02
4.9236e+02
4.9205e+02
4.9176e+02
4.9152e+02
4.9130e+02
4.9113e+02
4.9099e+02
4.9089e+02
4.9082e+02
4.9080e+02
4.9081e+02
4.9086e+02
4.9094e+02
4.9107e+02
4.9123e+02
4.9142e+02
4.9165e+02
4.9192e+02
4.9221e+02
4.9254e+02
4.9290e+02
4.9329e+02
4.9370e+02
4.9414e+02
4.9460e+02
4.9508e+02
4.9558e+02
4.9609e+02
4.9663e+02
4.9717e+02
4.9773e+02
4.9829e+02
4.9886e+02
4.9943e+02
4.9929e+02
4.9859e+02
4.9790e+02
4.9722e+02
4.9655e+02
4.9589e+02
4.9526e+02
4.9464e+02
4.9405e+02
4.9348e+02
4.9295e+02
4.9244e+02
4.9197e+02
4.9153e+02
4.9112e+02
4.9076e+02
4.9043e+02
4.9014e+02
4.8989e+02
4.8969e+02
4.8953e+02
4.8941e+02
4.8934e+02
4.8930e+02
4.8932e+02
4.8938e+02
4.8948e+02
4.8962e+02
4.8981e+02
4.9003e+02
4.9030e+02
4.9061e+02
4.9095e+02
4.9133e+02
4.9175e+02
4.9220e+02
4.9268e+02
4.9318e+02
4.9372e+02
4.9428e+02
4.9486e+02
4.9546e+02
4.9608e+02
4.9671e+02
4.9736e+02
4.9801e+02
4.9867e+02
4.9933e+02
4.9920e+02
4.9840e+02
4.9761e+02
4.9683e+02
4.9607e+02
4.9532e+02
4.9460e+02
4.9390e+02
4.9323e+02
4.9259e+02
4.9197e+02
4.9140e+02
4.9086e+02
4.9036e+02
4.8990e+02
4.8948e+02
4.8911e+02
4.8878e+02
4.8850e+02
4.8827e+02
4.8808e+02
4.8795e+02
4.8786e+02
4.8783e+02
4.8784e+02
4.8791e+02
4.8802e+02
4.8819e+02
4.8840e+02
4.8866e+02
4.8896e+02
4.8931e+02
4.8970e+02
4.9014e+02
4.9061e+02
4.9112e+02
4.9166e+02
4.9224e+02
4.9285e+02
4.9349e+02
4.9415e+02
4.9483e+02
4.9554e+02
4.9626e+02
4.9699e+02
4.9774e+02
4.9849e+02
4.9924e+02
4.9910e+02
4.9821e+02
4.9732e+02
4.9645e+02
4.9560e+02
4.9476e+02
4.9395e+02
4.9317e+02
4.9242e+02
4.9170e+02
4.9101e+02
4.9037e+02
4.8976e+02
4.8920e+02
4.8869e+02
4.8822e+02
4.8780e+02
4.8744e+02
4.8712e+02
4.8686e+02
4.8665e+02
4.8650e+02
4.8641e+02
4.8637e+02
4.8639e+02
4.8646e+02
4.8659e+02
4.8677e+02
4.8701e+02
4.8730e+02
4.8764e+02
4.8803e+02
4.8847e+02
4.8895e+02
4.8948e+02
4.9005e+02
4.9067e+02
4.9131e+02
4.9199e+02
4.9271e+02
4.9345e+02
4.9421e+02
4.9500e+02
4.9581e+02
4.9663e+02
4.9746e+02
4.9831e+02
4.9915e+02
4.9901e+02
4.9802e+02
4.9704e+02
4.9608e+02
4.9513e+02
4.9421e+02
4.9332e+02
4.9245e+02
4.9162e+02
4.9082e+02
4.9006e+02
4.8935e+02
4.8868e+02
4.8806e+02
4.8749e+02
4.8698e+02
4.8651e+02
4.8611e+02
4.8576e+02
4.8547e+02
4.8525e+02
4.8508e+02
4.8497e+02
4.8493e+02
4.8495e+02
4.8503e+02
4.8517e+02
4.8537e+02
4.8564e+02
4.8596e+02
4.8633e+02
4.8676e+02
4.8725e+02
4.8779e+02
4.8837e+02
4.8900e+02
4.8968e+02
4.9040e+02
4.9115e+02
4.9194e+02
4.9276e+02
4.9360e+02
4.9447e+02
4.9537e+02
4.9627e+02
4.9720e+02
4.9813e+02
4.9906e+02
4.9891e+02
4.9783e+02
4.9676e+02
4.9571e+02
4.9467e+02
4.9367e+02
4.9269e+02
4.9174e+02
4.9083e+02
4.8996e+02
4.8913e+02
4.8835e+02
4.8762e+02
4.8694e+02
4.8632e+02
4.8575e+02
4.8524e+02
4.8480e+02
4.8442e+02
4.8411e+02
4.8386e+02
4.8367e+02
4.8356e+02
4.8351e+02
4.8353e+02
4.8362e+02
4.8377e+02
4.8400e+02
4.8428e+02
4.8463e+02
4.8504e+02
4.8552e+02
4.8605e+02
4.8664e+02
4.8728e+02
4.8797e+02
4.8871e+02
4.8949e+02
4.9031e+02
4.9118e+02
4.9207e+02
4.9300e+02
4.9395e+02
4.9493e+02
4.9592e+02
4.9693e+02
4.9795e+02
4.9897e+02
4.9882e+02
4.9765e+02
4.9649e+02
4.9534e+02
4.9422e+02
4.9313e+02
4.9207e+02
4.9104e+02
4.9005e+02
4.8911e+02
4.8821e+02
4.8736e+02
4.8657e+02
4.8583e+02
4.8516e+02
4.8454e+02
4.8399e+02
4.8351e+02
4.8310e+02
4.8276e+02
4.8249e+02
4.8229e+02
4.8217e+02
4.8211e+02
4.8214e+02
4.8223e+02
4.8240e+02
4.8264e+02
4.8295e+02
4.8333e+02
4.8378e+02
4.8429e+02
4.8487e+02
4.8550e+02
4.8620e+02
4.8695e+02
4.8775e+02
4.8860e+02
4.8949e+02
4.9043e+02
4.9140e+02
4.9241e+02
4.9344e+02
4.9450e+02
4.9558e+02
4.9667e+02
4.9778e+02
4.9889e+02
4.9873e+02
4.9747e+02
4.9622e+02
4.9499e+02
4.9378e+02
4.9260e+02
4.9146e+02
4.9035e+02
4.8929e+02
4.8827e+02
4.8730e+02
4.8639e+02
4.8554e+02
4.8474e+02
4.8402e+02
4.8336e+02
4.8276e+02
4.8225e+02
4.8180e+02
4.8143e+02
4.8114e+02
4.8093e+02
4.8079e+02
4.8074e+02
4.8076e+02
4.8087e+02
4.8105e+02
4.8131e+02
4.8164e+02
4.8205e+02
4.8253e+02
4.8308e+02
4.8370e+02
4.8439e+02
4.8514e+02
4.8594e+02
4.8681e+02
4.8772e+02
4.8868e+02
4.8969e+02
4.9074e+02
4.9182e+02
4.9294e+02
4.9408e+02
4.9524e+02
4.9642e+02
4.9760e+02
4.9880e+02
4.9864e+02
4.9729e+02
4.9595e+02
4.9463e+02
4.9334e+02
4.9208e+02
4.9086e+02
4.8967e+02
4.8854e+02
4.8745e+02
4.8641e+02
4.8544e+02
4.8452e+02
4.8367e+02
4.8290e+02
4.8219e+02
4.8156e+02
4.8100e+02
4.8053e+02
4.8013e+02
4.7982e+02
4.7959e+02
4.7945e+02
4.7939e+02
4.7941e+02
4.7952e+02
4.7972e+02
4.7999e+02
4.8035e+02
4.8079e+02
4.8130e+02
4.8190e+02
4.8256e+02
4.8329e+02
4.8409e+02
4.8496e+02
4.8588e+02
4.8686e+02
4.8789e+02
4.8897e+02
4.9009e+02
4.9125e+02
4.9244e+02
4.9366e+02
4.9490e+02
4.9616e+02
4.9744e+02
4.9872e+02
4.9855e+02
4.9711e+02
4.9569e+02
4.9429e+02
4.9292e+02
4.9157e+02
4.9027e+02
4.8901e+02
4.8780e+02
4.8664e+02
4.8554e+02
4.8450e+02
4.8353e+02
4.8262e+02
4.8180e+02
4.8104e+02
4.8037e+02
4.7978e+02
4.7927e+02
4.7885e+02
4.7852e+02
4.7828e+02
4.7813e+02
4.7806e+02
4.7809e+02
4.7821e+02
4.7841e+02
4.7871e+02
4.7909e+02
4.7955e+02
4.8010e+02
4.8073e+02
4.8144e+02
4.8222e+02
4.8307e+02
4.8399e+02
4.8497e+02
4.8601e+02
4.8711e+02
4.8826e+02
4.8945e+02
4.9068e+02
4.9195e+02
4.9325e+02
4.9457e+02
4.9592e+02
4.9727e+02
4.9863e+02
4.9847e+02
4.9694e+02
4.9544e+02
4.9395e+02
4.9250e+02
4.9108e+02
4.8969e+02
4.8836e+02
4.8708e+02
4.8585e+02
4.8468e+02
4.8358e+02
4.8255e+02
4.8160e+02
4.8072e+02
4.7992e+02
4.7921e+02
4.7858e+02
4.7805e+02
4.7760e+02
4.7725e+02
4.7699e+02
4.7683e+02
4.7676e+02
4.7679e+02
4.7692e+02
4.7713e+02
4.7745e+02
4.7785e+02
4.7834e+02
4.7892e+02
4.7959e+02
4.8034e+02
4.8116e+02
4.8206e+02
4.8304e+02
4.8408e+02
4.8518e+02
4.8635e+02
4.8756e+02
4.8882e+02
4.9013e+02
4.9147e+02
4.9285e+02
4.9425e+02
4.9567e+02
4.9711e+02
4.9855e+02
4.9838e+02
4.9678e+02
4.9519e+02
4.9362e+02
4.9209e+02
4.9059e+02
4.8913e+02
4.8772e+02
4.8637e+02
4.8507e+02
4.8384e+02
4.8268e+02
4.8160e+02
4.8059e+02
4.7966e+02
4.7882e+02
4.7807e+02
4.7741e+02
4.7685e+02
4.7638e+02
4.7601e+02
4.7573e+02
4.7556e+02
4.7549e+02
4.7552e+02
4.7565e+02
4.7588e+02
4.7621e+02
4.7663e+02
4.7715e+02
4.7777e+02
4.7847e+02
4.7926e+02
4.8013e+02
4.8108e+02
4.8211e+02
4.8321e+02
4.8437e+02
4.8560e+02
4.8688e+02
4.8821e+02
4.8959e+02
4.9101e+02
4.9246e+02
4.9394e+02
4.9544e+02
4.9695e+02
4.9847e+02
4.9830e+02
4.9661e+02
4.9494e+02
4.9330e+02
4.9168e+02
4.9011e+02
4.8858e+02
4.8710e+02
4.8568e+02
4.8432e+02
4.8302e+02
4.8180e+02
4.8066e+02
4.7960e+02
4.7863e+02
4.7775e+02
4.7696e+02
4.7626e+02
4.7567e+02
4.7518e+02
4.7479e+02
4.7450e+02
4.7432e+02
4.7425e+02
4.7428e+02
4.7441e+02
4.7465e+02
4.7500e+02
4.7545e+02
4.7599e+02
4.7663e+02
4.7737e+02
4.7820e+02
4.7912e+02
4.8012e+02
4.8120e+02
4.8235e+02
4.8357e+02
4.8486e+02
4.8621e+02
4.8761e+02
4.8906e+02
4.9055e+02
4.9207e+02
4.9363e+02
4.9520e+02
4.9679e+02
4.9840e+02
4.9822e+02
4.9645e+02
4.9470e+02
4.9298e+02
4.9129e+02
4.8964e+02
4.8804e+02
4.8649e+02
4.8500e+02
4.8357e+02
4.8222e+02
4.8094e+02
4.7975e+02
4.7864e+02
4.7762e+02
4.7669e+02
4.7587e+02
4.7514e+02
4.7452e+02
4.7400e+02
4.7359e+02
4.7330e+02
4.7311e+02
4.7303e+02
4.7306e+02
4.7320e+02
4.7346e+02
4.7382e+02
4.7428e+02
4.7486e+02
4.7553e+02
4.7630e+02
4.7717e+02
4.7813e+02
4.7917e+02
4.8030e+02
4.8151e+02
4.8279e+02
4.8414e+02
4.8555e+02
4.8702e+02
4.8854e+02
4.9010e+02
4.9170e+02
4.9332e+02
4.9497e+02
4.9664e+02
4.9832e+02
4.9814e+02
4.9630e+02
4.9447e+02
4.9267e+02
4.9091e+02
4.8918e+02
4.8751e+02
4.8589e+02
4.8434e+02
4.8285e+02
4.8144e+02
4.8010e+02
4.7885e+02
4.7770e+02
4.7663e+02
4.7567e+02
4.7480e+02
4.7405e+02
4.7340e+02
4.7286e+02
4.7243e+02
4.7212e+02
4.7192e+02
4.7184e+02
4.7187e+02
4.7202e+02
4.7229e+02
4.7266e+02
4.7315e+02
4.7375e+02
4.7445e+02
4.7525e+02
4.7616e+02
4.7716e+02
4.7825e+02
4.7943e+02
4.8069e+02
4.8203e+02
4.8344e+02
4.8491e+02
4.8645e+02
4.8803e+02
4.8966e+02
4.9133e+02
4.9303e+02
4.9475e+02
4.9649e+02
4.9825e+02
4.9807e+02
4.9614e+02
4.9424e+02
4.9237e+02
4.9053e+02
4.8874e+02
4.8700e+02
4.8531e+02
4.8369e+02
4.8214e+02
4.8067e+02
4.7928e+02
4.7798e+02
4.7678e+02
4.7567e+02
4.7466e+02
4.7377e+02
4.7298e+02
4.7230e+02
4.7174e+02
4.7129e+02
4.7097e+02
4.7076e+02
4.7068e+02
4.7071e+02
4.7087e+02
4.7114e+02
4.7153e+02
4.7204e+02
4.7266e+02
4.7339e+02
4.7423e+02
4.7518e+02
4.7622e+02
4.7735e+02
4.7858e+02
4.7990e+02
4.8129e+02
4.8276e+02
4.8429e+02
4.8588e+02
4.8753e+02
4.8923e+02
4.9097e+02
4.9274e+02
4.9453e+02
4.9635e+02
4.9817e+02
4.9799e+02
4.9599e+02
4.9402e+02
4.9207e+02
4.9017e+02
4.8830e+02
4.8649e+02
4.8474e+02
4.8306e+02
4.8145e+02
4.7993e+02
4.7848e+02
4.7713e+02
4.7588e+02
4.7473e+02
4.7369e+02
4.7275e+02
4.7193e+02
4.7123e+02
4.7065e+02
4.7019e+02
4.6985e+02
4.6964e+02
4.6955e+02
4.6958e+02
4.6974e+02
4.7003e+02
4.7043e+02
4.7096e+02
4.7161e+02
4.7236e+02
4.7324e+02
4.7421e+02
4.7530e+02
4.7648e+02
4.7775e+02
4.7912e+02
4.8056e+02
4.8209e+02
4.8368e+02
4.8534e+02
4.8705e+02
4.8881e+02
4.9062e+02
4.9245e+02
4.9432e+02
4.9621e+02
4.9810e+02
4.9792e+02
4.9585e+02
4.9380e+02
4.9179e+02
4.8981e+02
4.8788e+02
4.8600e+02
4.8419e+02
4.8245e+02
4.8078e+02
4.7920e+02
4.7770e+02
4.7631e+02
4.7501e+02
4.7382e+02
4.7273e+02
4.7177e+02
4.7092e+02
4.7019e+02
4.6959e+02
4.6911e+02
4.6876e+02
4.6854e+02
4.6844e+02
4.6848e+02
4.6865e+02
4.6894e+02
4.6936e+02
4.6991e+02
4.7058e+02
4.7136e+02
4.7226e+02
4.7328e+02
4.7440e+02
4.7562e+02
4.7694e+02
4.7836e+02
4.7985e+02
4.8143e+02
4.8308e+02
4.8480e+02
4.8658e+02
4.8840e+02
4.9027e+02
4.9218e+02
4.9411e+02
4.9607e+02
4.9803e+02
4.9785e+02
4.9571e+02
4.9359e+02
4.9151e+02
4.8946e+02
4.8747e+02
4.8553e+02
4.8365e+02
4.8185e+02
4.8013e+02
4.7849e+02
4.7694e+02
4.7550e+02
4.7416e+02
4.7292e+02
4.7181e+02
4.7081e+02
4.6993e+02
4.6918e+02
4.6855e+02
4.6806e+02
4.6770e+02
4.6747e+02
4.6737e+02
4.6741e+02
4.6758e+02
4.6789e+02
4.6832e+02
4.6888e+02
4.6957e+02
4.7039e+02
4.7132e+02
4.7237e+02
4.7352e+02
4.7479e+02
4.7615e+02
4.7761e+02
4.7916e+02
4.8080e+02
4.8250e+02
4.8428e+02
4.8611e+02
4.8800e+02
4.8994e+02
4.9191e+02
4.9391e+02
4.9593e+02
4.9796e+02
4.9778e+02
4.9557e+02
4.9338e+02
4.9123e+02
4.8912e+02
4.8706e+02
4.8506e+02
4.8313e+02
4.8127e+02
4.7949e+02
4.7780e+02
4.7620e+02
4.7471e+02
4.7333e+02
4.7206e+02
4.7090e+02
4.6987e+02
4.6897e+02
4.6819e+02
4.6755e+02
4.6704e+02
4.6666e+02
4.6643e+02
4.6633e+02
4.6637e+02
4.6654e+02
4.6686e+02
4.6730e+02
4.6789e+02
4.6860e+02
4.6943e+02
4.7040e+02
4.7148e+02
4.7267e+02
4.7398e+02
4.7539e+02
4.7689e+02
4.7849e+02
4.8018e+02
4.8194e+02
4.8377e+02
4.8566e+02
4.8761e+02
4.8961e+02
4.9165e+02
4.9371e+02
4.9580e+02
4.9790e+02
4.9771e+02
4.9543e+02
4.9318e+02
4.9097e+02
4.8879e+02
4.8667e+02
4.8461e+02
4.8262e+02
4.8070e+02
4.7887e+02
4.7713e+02
4.7548e+02
4.7395e+02
4.7252e+02
4.7121e+02
4.7002e+02
4.6896e+02
4.6803e+02
4.6723e+02
4.6657e+02
4.6604e+02
4.6566e+02
4.6541e+02
4.6531e+02
4.6535e+02
4.6553e+02
4.6586e+02
4.6632e+02
4.6691e+02
4.6765e+02
4.6851e+02
4.6950e+02
4.7061e+02
4.7184e+02
4.7319e+02
4.7464e+02
4.7619e+02
4.7784e+02
4.7957e+02
4.8138e+02
4.8327e+02
4.8523e+02
4.8724e+02
4.8929e+02
4.9139e+02
4.9352e+02
4.9567e+02
4.9783e+02
4.9764e+02
4.9530e+02
4.9299e+02
4.9071e+02
4.8847e+02
4.8629e+02
4.8417e+02
4.8212e+02
4.8015e+02
4.7826e+02
4.7647e+02
4.7478e+02
4.7320e+02
4.7174e+02
4.7039e+02
4.6917e+02
4.6808e+02
4.6712e+02
4.6630e+02
4.6562e+02
4.6508e+02
4.6468e+02
4.6443e+02
4.6432e+02
4.6437e+02
4.6455e+02
4.6488e+02
4.6536e+02
4.6597e+02
4.6672e+02
4.6761e+02
4.6863e+02
4.6977e+02
4.7103e+02
4.7242e+02
4.7391e+02
4.7550e+02
4.7720e+02
4.7898e+02
4.8085e+02
4.8279e+02
4.8480e+02
4.8686e+02
4.8898e+02
4.9114e+02
4.9333e+02
4.9554e+02
4.9777e+02
4.9758e+02
4.9518e+02
4.9280e+02
4.9045e+02
4.8816e+02
4.8591e+02
4.8374e+02
4.8163e+02
4.7961e+02
4.7767e+02
4.7584e+02
4.7410e+02
4.7248e+02
4.7098e+02
4.6959e+02
4.6834e+02
4.6722e+02
4.6623e+02
4.6539e+02
4.6469e+02
4.6414e+02
4.6373e+02
4.6347e+02
4.6337e+02
4.6341e+02
4.6360e+02
4.6394e+02
4.6442e+02
4.6505e+02
4.6582e+02
4.6673e+02
4.6778e+02
4.6895e+02
4.7025e+02
4.7167e+02
4.7320e+02
4.7484e+02
4.7657e+02
4.7841e+02
4.8032e+02
4.8232e+02
4.8438e+02
4.8650e+02
4.8868e+02
4.9090e+02
4.9315e+02
4.9542e+02
4.9771e+02
4.9752e+02
4.9505e+02
4.9261e+02
4.9021e+02
4.8785e+02
4.8555e+02
4.8332e+02
4.8116e+02
4.7908e+02
4.7710e+02
4.7522e+02
4.7344e+02
4.7178e+02
4.7023e+02
4.6882e+02
4.6753e+02
4.6638e+02
4.6537e+02
4.6451e+02
4.6379e+02
4.6323e+02
4.6281e+02
4.6254e+02
4.6243e+02
4.6248e+02
4.6267e+02
4.6302e+02
4.6352e+02
4.6416e+02
4.6495e+02
4.6588e+02
4.6695e+02
4.6815e+02
4.6948e+02
4.7094e+02
4.7251e+02
4.7419e+02
4.7597e+02
4.7785e+02
4.7981e+02
4.8186e+02
4.8397e+02
4.8615e+02
4.8838e+02
4.9066e+02
4.9297e+02
4.9530e+02
4.9765e+02
4.9746e+02
4.9493e+02
4.9243e+02
4.8997e+02
4.8755e+02
4.8520e+02
4.8291e+02
4.8070e+02
4.7857e+02
4.7654e+02
4.7461e+02
4.7279e+02
4.7109e+02
4.6951e+02
4.6806e+02
4.6675e+02
4.6557e+02
4.6454e+02
4.6365e+02
4.6292e+02
4.6234e+02
4.6191e+02
4.6164e+02
4.6153e+02
4.6157e+02
4.6177e+02
4.6213e+02
4.6264e+02
4.6330e+02
4.6410e+02
4.6506e+02
4.6615e+02
4.6738e+02
4.6874e+02
4.7023e+02
4.7183e+02
4.7355e+02
4.7538e+02
4.7730e+02
4.7931e+02
4.8141e+02
4.8357e+02
4.8581e+02
4.8809e+02
4.9042e+02
4.9279e+02
4.9518e+02
4.9759e+02
4.9740e+02
4.9481e+02
4.9225e+02
4.8973e+02
4.8726e+02
4.8485e+02
4.8251e+02
4.8025e+02
4.7807e+02
4.7599e+02
4.7402e+02
4.7216e+02
4.7042e+02
4.6881e+02
4.6733e+02
4.6598e+02
4.6478e+02
4.6373e+02
4.6282e+02
4.6207e+02
4.6148e+02
4.6104e+02
4.6077e+02
4.6065e+02
4.6070e+02
4.6090e+02
4.6126e+02
4.6178e+02
4.6245e+02
4.6328e+02
4.6425e+02
4.6537e+02
4.6663e+02
4.6802e+02
4.6953e+02
4.7118e+02
4.7293e+02
4.7480e+02
4.7676e+02
4.7882e+02
4.8097e+02
4.8318e+02
4.8547e+02
4.8781e+02
4.9019e+02
4.9262e+02
4.9507e+02
4.9753e+02
4.9734e+02
4.9469e+02
4.9208e+02
4.8950e+02
4.8697e+02
4.8451e+02
4.8212e+02
4.7980e+02
4.7758e+02
4.7546e+02
4.7345e+02
4.7155e+02
4.6977e+02
4.6812e+02
4.6661e+02
4.6524e+02
4.6401e+02
4.6294e+02
4.6202e+02
4.6125e+02
4.6064e+02
4.6020e+02
4.5992e+02
4.5980e+02
4.5984e+02
4.6005e+02
4.6042e+02
4.6095e+02
4.6164e+02
4.6248e+02
4.6347e+02
4.6461e+02
4.6589e+02
4.6731e+02
4.6886e+02
4.7053e+02
4.7233e+02
4.7423e+02
4.7624e+02
4.7834e+02
4.8053e+02
4.8280e+02
4.8514e+02
4.8753e+02
4.8997e+02
4.9245e+02
4.9495e+02
4.9747e+02
4.9728e+02
4.9458e+02
4.9190e+02
4.8927e+02
4.8669e+02
4.8418e+02
4.8173e+02
4.7937e+02
4.7711e+02
4.7494e+02
4.7289e+02
4.7095e+02
4.6914e+02
4.6746e+02
4.6591e+02
4.6452e+02
4.6327e+02
4.6217e+02
4.6123e+02
4.6045e+02
4.5983e+02
4.5938e+02
4.5909e+02
4.5897e+02
4.5902e+02
4.5923e+02
4.5960e+02
4.6014e+02
4.6084e+02
4.6170e+02
4.6271e+02
4.6387e+02
4.6518e+02
4.6662e+02
4.6820e+02
4.6991e+02
4.7174e+02
4.7368e+02
4.7573e+02
4.7788e+02
4.8011e+02
4.8243e+02
4.8481e+02
4.8725e+02
4.8975e+02
4.9228e+02
4.9484e+02
4.9742e+02
4.9722e+02
4.9446e+02
4.9173e+02
4.8905e+02
4.8642e+02
4.8385e+02
4.8136e+02
4.7895e+02
4.7664e+02
4.7443e+02
4.7234e+02
4.7036e+02
4.6852e+02
4.6681e+02
4.6524e+02
4.6381e+02
4.6254e+02
4.6142e+02
4.6047e+02
4.5967e+02
4.5904e+02
4.5858e+02
4.5829e+02
4.5817e+02
4.5821e+02
4.5843e+02
4.5881e+02
4.5936e+02
4.6007e+02
4.6094e+02
4.6197e+02
4.6315e+02
4.6448e+02
4.6595e+02
4.6756e+02
4.6930e+02
4.7116e+02
4.7314e+02
4.7523e+02
4.7742e+02
4.7969e+02
4.8206e+02
4.8449e+02
4.8698e+02
4.8953e+02
4.9211e+02
4.9473e+02
4.9736e+02
4.9717e+02
4.9435e+02
4.9157e+02
4.8883e+02
4.8614e+02
4.8352e+02
4.8098e+02
4.7853e+02
4.7618e+02
4.7393e+02
4.7180e+02
4.6979e+02
4.6791e+02
4.6617e+02
4.6457e+02
4.6312e+02
4.6183e+02
4.6070e+02
4.5972e+02
4.5892e+02
4.5828e+02
4.5781e+02
4.5751e+02
4.5739e+02
4.5743e+02
4.5765e+02
4.5804e+02
4.5859e+02
4.5932e+02
4.6020e+02
4.6125e+02
4.6245e+02
4.6380e+02
4.6529e+02
4.6693e+02
4.6870e+02
4.7059e+02
4.7261e+02
4.7473e+02
4.7696e+02
4.7928e+02
4.8169e+02
4.8417e+02
4.8671e+02
4.8931e+02
4.9195e+02
4.9462e+02
4.9731e+02
4.9711e+02
4.9424e+02
4.9140e+02
4.8860e+02
4.8587e+02
4.8320e+02
4.8061e+02
4.7812e+02
4.7572e+02
4.7343e+02
4.7126e+02
4.6922e+02
4.6731e+02
4.6555e+02
4.6392e+02
4.6245e+02
4.6114e+02
4.5999e+02
4.5900e+02
4.5818e+02
4.5753e+02
4.5706e+02
4.5675e+02
4.5663e+02
4.5667e+02
4.5689e+02
4.5729e+02
4.5785e+02
4.5858e+02
4.5948e+02
4.6054e+02
4.6176e+02
4.6313e+02
4.6465e+02
4.6631e+02
4.6811e+02
4.7004e+02
4.7208e+02
4.7424e+02
4.7651e+02
4.7888e+02
4.8133e+02
4.8385e+02
4.8645e+02
4.8909e+02
4.9179e+02
4.9451e+02
4.9725e+02
4.9705e+02
4.9412e+02
4.9123e+02
4.8838e+02
4.8560e+02
4.8288e+02
4.8025e+02
4.7771e+02
4.7527e+02
4.7294e+02
4.7074e+02
4.6867e+02
4.6673e+02
4.6493e+02
4.6329e+02
4.6180e+02
4.6046e+02
4.5930e+02
4.5830e+02
4.5746e+02
4.5681e+02
4.5632e+02
4.5602e+02
4.5589e+02
4.5593e+02
4.5616e+02
4.5656e+02
4.5713e+02
4.5787e+02
4.5878e+02
4.5985e+02
4.6109e+02
4.6248e+02
4.6402e+02
4.6571e+02
4.6753e+02
4.6948e+02
4.7156e+02
4.7376e+02
4.7607e+02
4.7847e+02
4.8096e+02
4.8354e+02
4.8618e+02
4.8888e+02
4.9162e+02
4.9440e+02
4.9720e+02
4.9699e+02
4.9401e+02
4.9106e+02
4.8816e+02
4.8532e+02
4.8256e+02
4.7988e+02
4.7729e+02
4.7482e+02
4.7246e+02
4.7022e+02
4.6812e+02
4.6615e+02
4.6433e+02
4.6266e+02
4.6115e+02
4.5980e+02
4.5862e+02
4.5761e+02
4.5677e+02
4.5610e+02
4.5561e+02
4.5530e+02
4.5517e+02
4.5522e+02
4.5544e+02
4.5584e+02
4.5642e+02
4.5717e+02
4.5809e+02
4.5918e+02
4.6043e+02
4.6184e+02
4.6340e+02
4.6511e+02
4.6696e+02
4.6894e+02
4.7105e+02
4.7328e+02
4.7562e+02
4.7806e+02
4.8060e+02
4.8322e+02
4.8591e+02
4.8865e+02
4.9145e+02
4.9428e+02
4.9714e+02
4.9693e+02
4.9389e+02
4.9088e+02
4.8793e+02
4.8504e+02
4.8223e+02
4.7950e+02
4.7688e+02
4.7437e+02
4.7197e+02
4.6971e+02
4.6757e+02
4.6558e+02
4.6374e+02
4.6205e+02
4.6052e+02
4.5916e+02
4.5796e+02
4.5693e+02
4.5608e+02
4.5541e+02
4.5492e+02
4.5460e+02
4.5447e+02
4.5452e+02
4.5474e+02
4.5515e+02
4.5573e+02
4.5649e+02
4.5742e+02
4.5852e+02
4.5979e+02
4.6121e+02
4.6279e+02
4.6452e+02
4.6639e+02
4.6840e+02
4.7054e+02
4.7280e+02
4.7517e+02
4.7765e+02
4.8023e+02
4.8289e+02
4.8563e+02
4.8843e+02
4.9128e+02
4.9417e+02
4.9708e+02
4.9687e+02
4.9377e+02
4.9070e+02
4.8769e+02
4.8475e+02
4.8189e+02
4.7913e+02
4.7646e+02
4.7391e+02
4.7149e+02
4.6919e+02
4.6703e+02
4.6502e+02
4.6315e+02
4.6145e+02
4.5990e+02
4.5852e+02
4.5731e+02
4.5628e+02
4.5542e+02
4.5474e+02
4.5424e+02
4.5392e+02
4.5379e+02
4.5383e+02
4.5406e+02
4.5447e+02
4.5506e+02
4.5583e+02
4.5677e+02
4.5788e+02
4.5915e+02
4.6059e+02
4.6219e+02
4.6394e+02
4.6583e+02
4.6786e+02
4.7003e+02
4.7232e+02
4.7472e+02
4.7724e+02
4.7985e+02
4.8256e+02
4.8534e+02
4.8819e+02
4.9110e+02
4.9405e+02
4.9702e+02
4.9681e+02
4.9364e+02
4.9051e+02
4.8745e+02
4.8445e+02
4.8155e+02
4.7874e+02
4.7604e+02
4.7345e+02
4.7100e+02
4.6867e+02
4.6649e+02
4.6445e+02
4.6257e+02
4.6085e+02
4.5929e+02
4.5790e+02
4.5668e+02
4.5563e+02
4.5477e+02
4.5408e+02
4.5358e+02
4.5326e+02
4.5312e+02
4.5317e+02
4.5340e+02
4.5381e+02
4.5441e+02
4.5518e+02
4.5612e+02
4.5724e+02
4.5853e+02
4.5998e+02
4.6159e+02
4.6336e+02
4.6527e+02
4.6732e+02
4.6951e+02
4.7183e+02
4.7427e+02
4.7682e+02
4.7947e+02
4.8222e+02
4.8505e+02
4.8795e+02
4.9091e+02
4.9392e+02
4.9695e+02
4.9674e+02
4.9350e+02
4.9031e+02
4.8719e+02
4.8414e+02
4.8119e+02
4.7834e+02
4.7560e+02
4.7298e+02
4.7050e+02
4.6815e+02
4.6595e+02
4.6389e+02
4.6199e+02
4.6026e+02
4.5868e+02
4.5728e+02
4.5605e+02
4.5500e+02
4.5413e+02
4.5344e+02
4.5293e+02
4.5261e+02
4.5247e+02
4.5252e+02
4.5275e+02
4.5316e+02
4.5376e+02
4.5454e+02
4.5549e+02
4.5662e+02
4.5792e+02
4.5938e+02
4.6100e+02
4.6278e+02
4.6471e+02
4.6678e+02
4.6899e+02
4.7133e+02
4.7380e+02
4.7638e+02
4.7907e+02
4.8186e+02
4.8473e+02
4.8769e+02
4.9071e+02
4.9378e+02
4.9688e+02
4.9666e+02
4.9335e+02
4.9009e+02
4.8690e+02
4.8380e+02
4.8080e+02
4.7791e+02
4.7514e+02
4.7250e+02
4.6999e+02
4.6762e+02
4.6540e+02
4.6333e+02
4.6142e+02
4.5967e+02
4.5808e+02
4.5667e+02
4.5544e+02
4.5438e+02
4.5350e+02
4.5281e+02
4.5230e+02
4.5197e+02
4.5183e+02
4.5188e+02
4.5211e+02
4.5253e+02
4.5313e+02
4.5391e+02
4.5487e+02
4.5600e+02
4.5731e+02
4.5878e+02
4.6041e+02
4.6220e+02
4.6414e+02
4.6623e+02
4.6846e+02
4.7082e+02
4.7331e+02
4.7592e+02
4.7865e+02
4.8147e+02
4.8440e+02
4.8740e+02
4.9049e+02
4.9362e+02
4.9680e+02
4.9657e+02
4.9317e+02
4.8984e+02
4.8659e+02
4.8344e+02
4.8039e+02
4.7747e+02
4.7467e+02
4.7200e+02
4.6947e+02
4.6708e+02
4.6484e+02
4.6276e+02
4.6084e+02
4.5908e+02
4.5749e+02
4.5607e+02
4.5483e+02
4.5377e+02
4.5288e+02
4.5219e+02
4.5168e+02
4.5135e+02
4.5121e+02
4.5126e+02
4.5149e+02
4.5191e+02
4.5251e+02
4.5330e+02
4.5426e+02
4.5540e+02
4.5671e+02
4.5818e+02
4.5982e+02
4.6162e+02
4.6358e+02
4.6568e+02
4.6792e+02
4.7030e+02
4.7281e+02
4.7545e+02
4.7820e+02
4.8106e+02
4.8403e+02
4.8709e+02
4.9024e+02
4.9345e+02
4.9671e+02
4.9646e+02
4.9297e+02
4.8955e+02
4.8624e+02
4.8303e+02
4.7995e+02
4.7699e+02
4.7416e+02
4.7147e+02
4.6893e+02
4.6653e+02
4.6428e+02
4.6219e+02
4.6026e+02
4.5849e+02
4.5690e+02
4.5547e+02
4.5423e+02
4.5316e+02
4.5228e+02
4.5158e+02
4.5107e+02
4.5074e+02
4.5060e+02
4.5065e+02
4.5088e+02
4.5130e+02
4.5191e+02
4.5269e+02
4.5366e+02
4.5480e+02
4.5611e+02
4.5759e+02
4.5924e+02
4.6104e+02
4.6300e+02
4.6511e+02
4.6737e+02
4.6976e+02
4.7229e+02
4.7494e+02
4.7772e+02
4.8062e+02
4.8363e+02
4.8674e+02
4.8995e+02
4.9325e+02
4.9661e+02
4.9632e+02
4.9272e+02
4.8921e+02
4.8583e+02
4.8258e+02
4.7946e+02
4.7648e+02
4.7363e+02
4.7092e+02
4.6837e+02
4.6596e+02
4.6370e+02
4.6160e+02
4.5967e+02
4.5790e+02
4.5630e+02
4.5488e+02
4.5363e+02
4.5257e+02
4.5168e+02
4.5098e+02
4.5047e+02
4.5014e+02
4.5000e+02
4.5005e+02
4.5029e+02
4.5071e+02
4.5131e+02
4.5209e+02
4.5306e+02
4.5420e+02
4.5551e+02
4.5700e+02
4.5865e+02
4.6045e+02
4.6242e+02
4.6453e+02
4.6679e+02
4.6920e+02
4.7174e+02
4.7441e+02
4.7720e+02
4.8013e+02
4.8317e+02
4.8633e+02
4.8961e+02
4.9299e+02
4.9647e+02
4.9614e+02
4.9239e+02
4.8880e+02
4.8536e+02
4.8206e+02
4.7892e+02
4.7592e+02
4.7306e+02
4.7035e+02
4.6778e+02
4.6537e+02
4.6311e+02
4.6101e+02
4.5908e+02
4.5731e+02
4.5571e+02
4.5429e+02
4.5305e+02
4.5198e+02
4.5110e+02
4.5040e+02
4.4988e+02
4.4956e+02
4.4942e+02
4.4947e+02
4.4970e+02
4.5012e+02
4.5072e+02
4.5151e+02
4.5247e+02
4.5361e+02
4.5492e+02
4.5641e+02
4.5805e+02
4.5986e+02
4.6183e+02
4.6394e+02
4.6620e+02
4.6861e+02
4.7115e+02
4.7383e+02
4.7664e+02
4.7958e+02
4.8265e+02
4.8586e+02
4.8919e+02
4.9267e+02
4.9628e+02
4.9586e+02
4.9195e+02
4.8827e+02
4.8479e+02
4.8147e+02
4.7831e+02
4.7530e+02
4.7244e+02
4.6973e+02
4.6717e+02
4.6476e+02
4.6251e+02
4.6041e+02
4.5848e+02
4.5672e+02
4.5512e+02
4.5370e+02
4.5246e+02
4.5140e+02
4.5052e+02
4.4982e+02
4.4931e+02
4.4898e+02
4.4884e+02
4.4889e+02
4.4912e+02
4.4954e+02
4.5014e+02
4.5093e+02
4.5189e+02
4.5302e+02
4.5433e+02
4.5581e+02
4.5746e+02
4.5926e+02
4.6122e+02
4.6333e+02
4.6559e+02
4.6800e+02
4.7054e+02
4.7322e+02
4.7603e+02
4.7898e+02
4.8206e+02
4.8529e+02
4.8867e+02
4.9223e+02
4.9600e+02
4.9535e+02
4.9132e+02
4.8760e+02
4.8411e+02
4.8079e+02
4.7764e+02
4.7464e+02
4.7179e+02
4.6908e+02
4.6653e+02
4.6413e+02
4.6189e+02
4.5980e+02
4.5788e+02
4.5612e+02
4.5453e+02
4.5312e+02
4.5188e+02
4.5082e+02
4.4995e+02
4.4925e+02
4.4874e+02
4.4842e+02
4.4828e+02
4.4833e+02
4.4856e+02
4.4897e+02
4.4957e+02
4.5035e+02
4.5131e+02
4.5244e+02
4.5375e+02
4.5522e+02
4.5686e+02
4.5865e+02
4.6060e+02
4.6271e+02
4.6496e+02
4.6735e+02
4.6989e+02
4.7256e+02
4.7536e+02
4.7830e+02
4.8138e+02
4.8460e+02
4.8799e+02
4.9159e+02
4.9550e+02
